Note 0 291 67
Note 291 436 69
Note 436 582 67
Note 582 728 66
Note 728 873 67
Note 873 1165 69
Note 1165 1310 71
Note 1310 1456 69
Note 1456 1601 67
Note 1601 1747 69
Note 1747 2038 71
Note 2038 2330 69
Note 2330 2621 67
Note 2621 2912 62
Note 2912 3495 72
Note 3495 3786 71
Note 3786 4077 69
Note 4077 4368 67
Note 4368 4660 66
Note 4660 5242 76
Note 5242 5533 74
Note 5533 5679 76
Note 5679 5825 74
Note 5825 5970 72
Note 5970 6116 71
Note 6116 6407 69
Note 6407 6553 72
Note 6553 6699 71
Note 6699 6844 69
Note 6844 6990 67
Note 6990 7281 66
