Note 0 227 57
Note 227 454 56
Note 454 909 57
Note 909 1363 59
Note 1363 1818 60
Note 1818 2045 60
Note 2045 2272 59
Note 2272 2727 60
Note 2727 3181 62
Note 3181 3409 64
Note 3409 3636 62
Note 3636 3863 60
Note 3863 4090 62
Note 4090 4545 64
Note 4545 5000 65
Note 5000 5454 56
Note 5454 5909 52
Note 6363 6818 57
Note 6818 7045 59
Note 7045 7272 60
Note 7272 7500 57
Note 7500 7727 59
Note 7727 7954 60
Note 7954 8181 62
Note 8181 8409 59
Note 8409 8636 60
Note 8636 9090 62
Note 9090 9545 60
Note 9545 10000 59
Note 10000 10454 64
Note 10454 11363 57
