Note 0 312 65
Note 312 625 67
Note 625 937 65
Note 937 1250 70
Note 1250 1562 62
Note 1562 1875 60
Note 1875 2031 69
Note 2031 2187 67
Note 2187 2343 70
Note 2343 2500 69
Note 2500 2656 67
Note 2656 2812 65
Note 2812 3125 70
Note 3125 3437 63
Note 3437 3750 62
Note 3750 3906 70
Note 3906 4062 72
Note 4062 4218 69
Note 4218 4375 70
Note 4375 4531 72
Note 4531 4687 74
Note 4687 4843 75
Note 4843 5000 74
Note 5000 5156 72
Note 5156 5312 75
Note 5312 5468 74
Note 5468 5625 72
Note 5625 5781 70
Note 5781 5937 72
Note 5937 6093 69
Note 6093 6250 70
Note 6250 6406 72
Note 6406 6562 74
Note 6562 6718 75
Note 6718 6875 74
Note 6875 7031 72
Note 7031 7187 75
Note 7187 7656 74
