Note 0 208 74
Note 208 416 71
Note 416 624 74
Note 624 833 79
Note 833 1041 74
Note 1041 1249 71
Note 1249 1458 74
Note 1458 1666 67
Note 1666 1874 74
Note 1874 2083 71
Note 2083 2291 74
Note 2291 2499 76
Note 2499 2708 72
Note 2708 2916 69
Note 2916 3124 72
Note 3124 3333 66
Note 3333 3541 69
Note 3541 3749 74
Note 3749 3958 71
Note 3958 4166 67
Note 4166 4374 71
Note 4374 4583 64
Note 4583 4791 67
Note 4791 4999 72
Note 4999 5208 69
Note 5208 5416 66
Note 5416 5624 69
Note 5624 5833 62
Note 5833 6041 66
Note 6041 6249 71
Note 6249 6458 69
Note 6458 6666 67
Note 6666 6874 69
Note 6874 7083 71
Note 7083 7291 73
Note 7291 7499 74
Note 7499 7708 69
Note 7708 7916 71
Note 7916 8124 73
Note 8124 8333 74
Note 8333 8541 76
Note 8541 8749 78
