Note 0 144 64
Note 144 288 66
Note 288 721 67
Note 721 829 69
Note 829 938 67
Note 938 1046 66
Note 1046 1154 67
Note 1154 1587 69
Note 1587 1696 71
Note 1696 1804 69
Note 1804 1912 67
Note 1912 2020 69
Note 2020 2453 71
Note 2453 2886 67
Note 2886 3319 64
Note 3319 4186 72
Note 4186 4510 71
Note 4510 4619 75
Note 4619 5052 76
Note 5052 5918 69
Note 5918 6351 67
Note 6351 6676 75
Note 6676 6784 76
Note 6784 7361 66
Note 7361 7506 67
Note 7506 7650 69
Note 7650 7794 67
Note 7794 7939 66
Note 7939 8083 64
Note 8083 8227 63
Note 8227 8372 72
Note 8372 8516 71
Note 8516 8660 69
Note 8660 8805 67
Note 8805 8949 66
Note 8949 9093 67
Note 9093 9238 69
Note 9238 9382 71
Note 9382 9526 69
Note 9526 9671 67
Note 9671 9815 66
Note 9815 9959 64
Note 9959 10104 76
Note 10104 10248 74
Note 10248 10393 73
Note 10393 10537 71
Note 10537 10681 70
Note 10681 10826 71
